3.690297333085500175e-02 1.217600007453549654e-01 2.008713179909689672e-01 2.209225040759441316e-01 1.822314154728396918e-01 1.202531681383407353e-01 6.612848288619829762e-02 3.116978466486753502e-02 1.285544449901272410e-02 4.712896160149153760e-03 1.555002722484547005e-03
3.638554216867469909e-02 1.188755020080321245e-01 1.993574297188754896e-01 2.194779116465863378e-01 1.829317269076305152e-01 1.222891566265060237e-01 6.911646586345381038e-02 3.136546184738955856e-02 1.365461847389558281e-02 4.337349397590361567e-03 2.208835341365461644e-03
3.589537223340040495e-02 1.216498993963782693e-01 1.993561368209255669e-01 2.202414486921529246e-01 1.758148893360161058e-01 1.280080482897384409e-01 6.619718309859154437e-02 3.372233400402414177e-02 1.287726358148893330e-02 3.541247484909456743e-03 2.696177062374245648e-03
3.373493975903614495e-02 1.159036144578313304e-01 2.012449799196787126e-01 2.197991967871485985e-01 1.872690763052208829e-01 1.205220883534136589e-01 6.943775100401607114e-02 3.212851405622489664e-02 1.614457831325301351e-02 0.000000000000000000e+00 3.815261044176706910e-03
3.425702811244980134e-02 1.184738955823293194e-01 2.034538152610441686e-01 2.153012048192771144e-01 1.817269076305220998e-01 1.233734939759036087e-01 6.967871485943774590e-02 3.353413654618474238e-02 1.357429718875501935e-02 3.293172690763052253e-03 3.333333333333333547e-03
3.263581488933601366e-02 1.141649899396378204e-01 1.957746478873239326e-01 2.181891348088531302e-01 1.972635814889336092e-01 1.302615694164989957e-01 6.156941649899396601e-02 3.046277665995975742e-02 1.255533199195170944e-02 4.668008048289738060e-03 2.454728370221327758e-03
2.624999999999999903e-02 1.188306451612903269e-01 2.007661290322580727e-01 2.256048387096774299e-01 1.931048387096774288e-01 1.291935483870967627e-01 5.838709677419354899e-02 2.838709677419355010e-02 1.250000000000000069e-02 4.153225806451612927e-03 2.822580645161290158e-03
2.153535353535353594e-02 1.066666666666666735e-01 2.113939393939393840e-01 2.320404040404040469e-01 2.157171717171717240e-01 1.237171717171717117e-01 4.646464646464646547e-02 2.852525252525252644e-02 9.373737373737374423e-03 2.424242424242424240e-03 2.141414141414141586e-03
1.206477732793522287e-02 1.065182186234817779e-01 2.172064777327935292e-01 2.492307692307692280e-01 2.246153846153846056e-01 1.167611336032388647e-01 4.943319838056680487e-02 1.866396761133603394e-02 3.765182186234817662e-03 1.497975708502024324e-03 2.429149797570850314e-04
8.875502008032129173e-03 1.116465863453815210e-01 2.133333333333333470e-01 2.771084337349397630e-01 2.283935742971887617e-01 1.091967871485943764e-01 3.393574297188754751e-02 1.212851405622489970e-02 3.493975903614457857e-03 1.526104417670682677e-03 3.614457831325301306e-04
