2.612003483375172075e-01 3.506529911631873220e-01 2.353701306186762876e-01 1.053255873728281417e-01 3.534904575488753004e-02 9.490989355572238342e-03 2.123557534673826790e-03
2.529718875502007802e-01 3.466265060240963924e-01 2.422891566265060193e-01 1.105622489959839361e-01 3.465863453815261341e-02 1.036144578313252969e-02 2.530120481927710697e-03
2.578269617706237526e-01 3.432595573440643810e-01 2.345674044265593505e-01 1.128370221327967826e-01 3.758551307847082801e-02 1.070422535211267533e-02 3.219315895372233324e-03
2.481124497991967770e-01 3.498393574297188890e-01 2.387148594377510036e-01 1.112449799196787159e-01 3.823293172690762909e-02 1.128514056224899642e-02 2.570281124497991992e-03
2.520080321285140812e-01 3.514457831325301096e-01 2.389558232931726922e-01 1.083534136546184801e-01 3.594377510040160789e-02 1.040160642570281055e-02 2.891566265060241045e-03
2.490140845070422659e-01 3.467605633802817167e-01 2.480482897384305718e-01 1.062374245472837014e-01 3.645875251509054366e-02 1.130784708249497027e-02 2.173038229376257537e-03
2.526612903225806672e-01 3.547983870967741926e-01 2.368548387096774122e-01 1.099596774193548343e-01 3.471774193548387427e-02 9.435483870967742090e-03 1.572580645161290348e-03
2.582222222222222419e-01 3.595959595959595800e-01 2.358787878787878822e-01 1.055757575757575728e-01 3.054545454545454577e-02 8.202020202020201753e-03 1.979797979797979883e-03
2.427935222672064908e-01 3.633198380566801666e-01 2.451012145748987792e-01 1.036437246963562708e-01 3.522267206477732587e-02 8.299595141700404771e-03 1.619433198380566732e-03
2.264658634538152526e-01 3.718473895582329325e-01 2.511244979919678988e-01 1.104016064257028057e-01 3.269076305220883216e-02 6.787148594377509676e-03 6.827309236947790754e-04
