6.067102149776528635e-04 3.073998422553441117e-03 9.747810787307622724e-03 3.067931320403664494e-02 5.796104920419843654e-02 8.922684894938014144e-02 1.141019677634639157e-01 1.318179060408113668e-01 1.345481020082108237e-01 1.209375695188787958e-01 1.011385928367747322e-01 7.747689445264627217e-02 5.421966954516957427e-02 3.472404797055433229e-02 2.036523954941654724e-02 1.144659938924504940e-02 7.927680142374663591e-03
1.927710843373493885e-03 0.000000000000000000e+00 6.184738955823293298e-03 1.923694779116465886e-02 3.979919678714859133e-02 6.871485943775100524e-02 1.026506024096385528e-01 1.281124497991967814e-01 1.373092369477911523e-01 1.290361445783132499e-01 1.106827309236947804e-01 8.718875502008031908e-02 6.791164658634538109e-02 4.080321285140562498e-02 2.759036144578313338e-02 1.578313253012048056e-02 1.706827309236947851e-02
1.770623742454728372e-03 4.024144869215292062e-05 7.484909456740442869e-03 1.883299798792756677e-02 4.104627766599597272e-02 7.006036217303822367e-02 1.008450704225352101e-01 1.271629778672032085e-01 1.331589537223339947e-01 1.327162977867203109e-01 1.139235412474849107e-01 8.800804828973843308e-02 6.655935613682092966e-02 4.096579476861166719e-02 2.684104627766599471e-02 1.436619718309859080e-02 1.621730382293762665e-02
1.004016064257028020e-03 0.000000000000000000e+00 6.506024096385541917e-03 1.606425702811244832e-02 3.634538152610441997e-02 6.040160642570280985e-02 1.017269076305220843e-01 1.135742971887550162e-01 1.179919678714859421e-01 1.351405622489959824e-01 1.080321285140562193e-01 9.767068273092369135e-02 7.136546184738955245e-02 5.192771084337349102e-02 3.497991967871486030e-02 2.048192771084337421e-02 2.678714859437750923e-02
4.016064257028112487e-05 0.000000000000000000e+00 6.024096385542168988e-03 1.257028112449799263e-02 2.759036144578313338e-02 5.269076305220883605e-02 8.859437751004016481e-02 1.262650602409638445e-01 1.004016064257028107e-01 1.254618473895582342e-01 1.163855421686746938e-01 9.726907630522088621e-02 6.907630522088353819e-02 7.000000000000000666e-02 4.020080321285140340e-02 2.742971887550200646e-02 4.000000000000000083e-02
4.024144869215291655e-04 1.207243460764587551e-04 6.478873239436619413e-03 1.782696177062374418e-02 4.507042253521127001e-02 8.386317907444668096e-02 9.557344064386318061e-02 1.371026156941649865e-01 1.378269617706237293e-01 1.008048289738430608e-01 1.170623742454728333e-01 8.458752515090543767e-02 5.553319919517102354e-02 5.943661971830985907e-02 2.635814889336016154e-02 1.492957746478873297e-02 1.702213279678068542e-02
4.838709677419354835e-04 3.629032258064516397e-04 1.020161290322580717e-02 3.262096774193548598e-02 9.596774193548386622e-02 1.621370967741935509e-01 2.278629032258064624e-01 1.172580645161290375e-01 1.484677419354838712e-01 7.483870967741935998e-02 6.439516129032257785e-02 3.564516129032258007e-02 1.504032258064516049e-02 8.830645161290322925e-03 2.741935483870967631e-03 1.572580645161290348e-03 1.572580645161290348e-03
9.292929292929292488e-04 1.212121212121212093e-04 1.260606060606060674e-02 8.492929292929292384e-02 3.745050505050505074e-01 1.957575757575757691e-01 2.065858585858585950e-01 7.527272727272726893e-02 2.541414141414141334e-02 1.559595959595959543e-02 5.414141414141413790e-03 1.616161616161616160e-03 7.272727272727272287e-04 4.848484848484848372e-04 0.000000000000000000e+00 4.040404040404040536e-05 0.000000000000000000e+00
1.902834008097165899e-03 8.097165991902833930e-05 1.574898785425101269e-02 2.327125506072874606e-01 6.133198380566801111e-01 1.057085020242914952e-01 2.093117408906882554e-02 6.842105263157895016e-03 1.902834008097165899e-03 6.477732793522267144e-04 0.000000000000000000e+00 2.024291497975708415e-04 0.000000000000000000e+00 0.000000000000000000e+00 0.000000000000000000e+00 0.000000000000000000e+00 0.000000000000000000e+00
1.646586345381526127e-03 0.000000000000000000e+00 4.634538152610441497e-02 5.177911646586345062e-01 4.269076305220883549e-01 5.341365461847389154e-03 1.767068273092369576e-03 1.204819277108433678e-04 8.032128514056224974e-05 0.000000000000000000e+00 0.000000000000000000e+00 0.000000000000000000e+00 0.000000000000000000e+00 0.000000000000000000e+00 0.000000000000000000e+00 0.000000000000000000e+00 0.000000000000000000e+00
