3.591575017247676527e-02 1.246296822369222096e-01 1.995860557607239960e-01 2.204050160301935790e-01 1.795787508623838402e-01 1.225193782719857100e-01 6.606874720993466399e-02 3.307495637352380474e-02 1.290532040095775275e-02 3.895945781421208606e-03 1.420396899476482214e-03
3.566265060240964013e-02 1.197188755020080347e-01 1.996787148594377503e-01 2.194779116465863378e-01 1.836144578313252951e-01 1.224497991967871541e-01 6.819277108433735579e-02 3.092369477911646736e-02 1.361445783132530195e-02 4.779116465863453636e-03 1.887550200803212808e-03
3.496981891348088789e-02 1.211670020120724361e-01 1.991951710261569419e-01 2.184708249496981891e-01 1.792756539235412505e-01 1.255130784708249625e-01 6.820925553319918955e-02 3.243460764587525330e-02 1.392354124748490865e-02 4.265593561368209545e-03 2.575452716297786920e-03
3.409638554216867790e-02 1.154618473895582392e-01 2.010843373493975961e-01 2.195983935742971960e-01 1.857831325301204928e-01 1.228915662650602453e-01 6.730923694779115951e-02 3.393574297188754751e-02 1.373493975903614453e-02 3.895582329317269065e-03 2.208835341365461644e-03
3.445783132530120391e-02 1.173493975903614484e-01 1.995180722891566338e-01 2.172690763052208818e-01 1.811646586345381504e-01 1.250602409638554291e-01 6.995983935742972060e-02 3.353413654618474238e-02 1.385542168674698711e-02 5.140562248995983984e-03 2.690763052208835441e-03
3.167002012072434730e-02 1.113078470824949706e-01 1.966599597585513004e-01 2.148893360160965826e-01 1.868410462776659842e-01 1.306639839034205164e-01 7.054325955734407072e-02 3.360160965794768695e-02 1.553319919517102618e-02 4.507042253521127001e-03 3.782696177062374199e-03
2.927419354838709659e-02 1.163709677419354771e-01 2.052419354838709575e-01 2.241935483870967638e-01 1.887096774193548487e-01 1.243548387096774233e-01 6.358870967741934999e-02 2.911290322580645240e-02 1.217741935483870885e-02 4.516129032258064946e-03 2.459677419354838572e-03
3.139393939393939070e-02 1.210101010101010122e-01 2.229090909090909178e-01 2.513535353535353289e-01 1.950303030303030261e-01 9.741414141414141137e-02 4.921212121212121399e-02 2.206060606060606180e-02 6.949494949494949315e-03 1.616161616161616160e-03 1.050505050505050417e-03
3.461538461538461731e-02 1.509311740890688369e-01 2.576518218623481959e-01 2.573684210526315796e-01 1.665587044534412864e-01 8.255060728744939569e-02 3.348178137651822150e-02 1.186234817813765219e-02 3.805668016194331798e-03 8.906882591093117458e-04 2.834008097165991672e-04
4.200803212851405427e-02 1.818072289156626442e-01 2.740160642570281246e-01 2.696385542168674432e-01 1.426506024096385605e-01 5.975903614457831609e-02 2.116465863453815405e-02 6.465863453815261057e-03 1.927710843373493885e-03 4.417670682730923939e-04 1.204819277108433678e-04
