1.861519161507021146e-03 1.323297316984338966e-02 4.293634413823803342e-02 9.153818137671482225e-02 1.290518392618671961e-01 1.615474889725223573e-01 1.596859698110153492e-01 1.421634090081340396e-01 1.018979401885799912e-01 6.919995143863057196e-02 4.265306948322609287e-02 2.440208813888551653e-02 1.201893893407794157e-02 4.572862288049856123e-03 2.549471895107441929e-03 6.879527336004208913e-04
2.409638554216867682e-03 1.497991967871485988e-02 4.530120481927710913e-02 9.080321285140562082e-02 1.284738955823293283e-01 1.577911646586345473e-01 1.594779116465863400e-01 1.389558232931726867e-01 1.024497991967871502e-01 7.028112449799196748e-02 4.297188755020080186e-02 2.373493975903614300e-02 1.176706827309237022e-02 6.706827309236947955e-03 2.650602409638554147e-03 1.244979919678714918e-03
2.655935613682092449e-03 1.460764587525150912e-02 4.410462776659959672e-02 8.732394366197182567e-02 1.317505030181086445e-01 1.576659959758551222e-01 1.626961770623742420e-01 1.386317907444667985e-01 1.041046277665995945e-01 6.965794768611670296e-02 4.193158953722334048e-02 2.446680080482897465e-02 1.219315895372233456e-02 4.587525150905432531e-03 2.012072434607646045e-03 1.609657947686116662e-03
2.690763052208835441e-03 1.405622489959839315e-02 4.248995983935743154e-02 8.365461847389557559e-02 1.297590361445783158e-01 1.550200803212851419e-01 1.598795180722891451e-01 1.403614457831325324e-01 1.050602409638554252e-01 7.453815261044176299e-02 4.156626506024096307e-02 2.654618473895582406e-02 1.341365461847389591e-02 6.465863453815261057e-03 3.092369477911646649e-03 1.405622489959839445e-03
9.236947791164658653e-04 1.212851405622489970e-02 3.847389558232931772e-02 7.907630522088353320e-02 1.212851405622489970e-01 1.496385542168674754e-01 1.431726907630521961e-01 1.468273092369477839e-01 1.097188755020080259e-01 7.389558232931726922e-02 5.598393574297189090e-02 3.212851405622489664e-02 1.827309236947791127e-02 1.048192771084337400e-02 4.538152610441766738e-03 3.453815261044176563e-03
9.657947686116700407e-04 1.275653923541247500e-02 4.084507042253521236e-02 8.575452716297786437e-02 1.315895372233400473e-01 1.630181086519114642e-01 1.576659959758551222e-01 1.360965794768611570e-01 9.549295774647886814e-02 6.724346076458752319e-02 4.631790744466800919e-02 2.776659959758551177e-02 1.863179074446679948e-02 8.571428571428571855e-03 4.668008048289738060e-03 2.615694164989939684e-03
7.661290322580645426e-04 1.411290322580645122e-02 5.153225806451612601e-02 1.137903225806451563e-01 1.806048387096774177e-01 1.823790322580645107e-01 1.650403225806451601e-01 1.171774193548387050e-01 7.697580645161290758e-02 4.907258064516129004e-02 2.072580645161290272e-02 1.649193548387096683e-02 5.887096774193548328e-03 3.588709677419354808e-03 1.451612903225806559e-03 4.032258064516129029e-04
1.050505050505050417e-03 1.777777777777777776e-02 8.670707070707070474e-02 1.647272727272727222e-01 2.402828282828282924e-01 1.875959595959595938e-01 1.456969696969696859e-01 8.181818181818181768e-02 4.298989898989898778e-02 1.802020202020201967e-02 7.919191919191919532e-03 3.555555555555555726e-03 1.131313131313131269e-03 5.656565656565656344e-04 1.616161616161616214e-04 0.000000000000000000e+00
1.214574898785425157e-03 2.433198380566801641e-02 1.274493927125505965e-01 2.323481781376518229e-01 3.090688259109311553e-01 1.643724696356275439e-01 8.639676113360324206e-02 3.748987854251012442e-02 1.157894736842105324e-02 3.684210526315789391e-03 1.336032388663967565e-03 5.668016194331983344e-04 1.619433198380566786e-04 0.000000000000000000e+00 0.000000000000000000e+00 0.000000000000000000e+00
1.847389558232931731e-03 3.188755020080321495e-02 2.003212851405622441e-01 3.302811244979919625e-01 2.912851405622490231e-01 9.658634538152610638e-02 3.385542168674698926e-02 1.024096385542168711e-02 2.771084337349397596e-03 7.630522088353413387e-04 1.204819277108433678e-04 4.016064257028112487e-05 0.000000000000000000e+00 0.000000000000000000e+00 0.000000000000000000e+00 0.000000000000000000e+00
